Beginning	End	Duration	Words	Word
10.236734693	10.710204081	0.473469388	Mon	1
10.710204081	13.012244897	2.302040816	enfant,	2
13.012244897	13.371428571	0.359183673999999	ma	3
13.371428571	14.285714285	0.914285714	sœur,	4
14.285714285	14.67755102	0.391836735	R	4
14.67755102	16.636734693	1.959183673	Songe	5
16.636734693	16.979591836	0.342857143	à	6
16.979591836	17.697959183	0.718367346999997	la	7
17.697959183	18.775510204	1.077551021	douceur	8
18.775510204	19.053061224	0.277551020000001	R	8
19.053061224	20.212244897	1.159183673	d'aller	9
20.212244897	20.587755102	0.375510204999998	là	10
20.587755102	21.551020408	0.963265306	bas	11
21.551020408	22.383673469	0.832653061000002	vivre	12
22.383673469	26.628571428	4.244897959	ensemble!	13
26.628571428	27.21632653	0.587755101999999	R	13
27.21632653	28.571428571	1.355102041	Aimer	14
28.571428571	29.33877551	0.767346939000003	à	15
29.33877551	31.510204081	2.171428571	loisir,	16
31.510204081	31.722448979	0.212244897999998	R	16
31.722448979	33.126530612	1.404081633	Aimer	17
33.126530612	33.959183673	0.832653060999995	et	18
33.959183673	35.053061224	1.093877551	mourir	19
35.053061224	35.461224489	0.408163265000006	R	19
35.461224489	36.27755102	0.816326530999994	Au	20
36.27755102	38.089795918	1.812244898	pays	21
38.089795918	38.432653061	0.342857143000003	qui	22
38.432653061	38.726530612	0.293877550999994	te	23
38.726530612	41.191836734	2.465306122	ressemble!	24
41.191836734	45.322448979	4.130612245	R	24
45.322448979	45.641723356	0.319274376999999	Les	25
45.641723356	48.370068027	2.728344671	soleils	26
48.370068027	49.966439909	1.596371882	mouillés	27
49.966439909	50.314739229	0.348299319999995	R	27
50.314739229	50.706575963	0.391836734000002	de	28
50.706575963	51.098412698	0.391836734999998	ces	29
51.098412698	53.13015873	2.031746032	ciels	30
53.13015873	54.494331065	1.364172335	brouillés	31
54.494331065	54.755555555	0.261224490000004	R	31
54.755555555	55.40861678	0.653061225000002	Pour	32
55.40861678	56.018140589	0.609523808999995	mon	33
56.018140589	58.035374149	2.01723356	esprit	34
58.035374149	58.615873015	0.580498865999999	ont	35
58.615873015	59.00770975	0.391836734999998	les	36
59.00770975	60.995918367	1.98820861700001	charmes	37
60.995918367	61.46031746	0.464399092999997	R	37
61.46031746	62.229478458	0.769160998000004	Si	38
62.229478458	64.551473922	2.321995464	mystérieux	39
64.551473922	64.841723356	0.290249434000003	R	39
64.841723356	66.496145124	1.65442176799999	de	40
66.496145124	66.800907029	0.304761905000007	tes	41
66.800907029	67.903854875	1.10294784599999	traitres	42
67.903854875	68.760090702	0.856235827000006	yeux,	43
68.760090702	69.050340136	0.290249434000003	R	43
69.050340136	70.501587301	1.451247165	Brillant	44
70.501587301	71.154648526	0.653061225000002	à	45
71.154648526	72.228571428	1.07392290199999	travers	46
72.228571428	72.678458049	0.449886621000005	leurs	47
72.678458049	77.583673469	4.90521542	larmes.	48
77.583673469	79.804081632	2.220408163	R	48
79.804081632	82.082539682	2.27845805	Là,	49
82.082539682	82.561451247	0.47891156499999	R	49
82.561451247	83.098412698	0.536961451000011	tout	50
83.098412698	83.707936507	0.609523808999995	n'est	51
83.707936507	85.899319727	2.19138322000001	qu'ordre	52
85.899319727	86.653968253	0.754648525999997	et	53
86.653968253	90.412698412	3.758730159	beauté	54
90.412698412	92.458956916	2.04625850400001	R	54
92.458956916	95.39047619	2.931519274	Luxe,	55
95.39047619	95.840362811	0.449886621000005	R	55
95.840362811	98.089795918	2.24943310699999	calme	56
98.089795918	98.481632653	0.391836735000012	R	56
98.481632653	99.903854875	1.42222222199999	et	57
99.903854875	105.955555555	6.05170068000001	volupté.	58
105.955555555	114.953287981	8.997732426	R	58
114.953287981	115.983673469	1.03038548799999	Vois	112
115.983673469	117.159183673	1.17551020400001	sur	113
117.159183673	117.826757369	0.667573696000005	ces	114
117.826757369	119.074829931	1.24807256199999	canaux	115
119.074829931	121.629024943	2.55419501200001	Dormir	116
121.629024943	122.296598639	0.667573695999991	ces	117
122.296598639	123.61723356	1.32063492100001	vaisseaux	118
123.61723356	123.878458049	0.261224489	R	118
123.878458049	124.473469387	0.595011337999992	Dont	119
124.473469387	125.590929705	1.117460318	l'humeur	120
125.590929705	126.040816326	0.449886621000005	est	121
126.040816326	130.98956916	4.948752834	vagabonde;	122
130.98956916	131.570068027	0.580498866999989	R	122
131.570068027	132.194104308	0.624036281000002	C'est	123
132.194104308	132.542403628	0.348299319999995	pour	124
132.542403628	135.227210884	2.684807256	assouvir	125
135.227210884	135.531972789	0.304761905000021	Ton	126
135.531972789	137.258956916	1.72698412699998	moindre	127
137.258956916	138.071655328	0.812698412000003	désir	128
138.071655328	138.405442176	0.333786848000017	R	128
138.405442176	138.768253968	0.362811792000002	Qu'ils 	129
138.768253968	141.569160997	2.800907029	viennent	130
141.569160997	141.975510204	0.406349206999977	du	131
141.975510204	143.629931972	1.65442176800002	bout	132
143.629931972	144.210430839	0.580498866999989	du	133
144.210430839	148.462585034	4.252154195	monde.	134
148.462585034	150.36371882	1.901133786	R	134
150.36371882	150.8861678	0.522448980000007	Les	135
150.8861678	153.266213151	2.38004535099998	soleils	136
153.266213151	154.702947845	1.43673469400002	couchants	137
154.702947845	154.978684807	0.275736961999996	R	137
154.978684807	157.503854875	2.52517006799999	Revêtent	138
157.503854875	157.852154195	0.348299319999995	les	139
157.852154195	159.085714285	1.23356009	champs,	140
159.085714285	159.39047619	0.304761904999992	R	140
159.39047619	159.985487528	0.595011338000006	Les	141
159.985487528	161.175510204	1.19002267600001	canaux,	142
161.175510204	161.436734693	0.261224489	R	142
161.436734693	161.770521541	0.333786847999988	la	143
161.770521541	162.089795918	0.319274376999999	ville	144
162.089795918	166.414512471	4.324716553	entière,	145
166.414512471	167.082086167	0.667573696000005	R	145
167.082086167	169.171882086	2.08979591900001	D'hyacinthe	146
169.171882086	169.549206349	0.377324262999991	et	147
169.549206349	171.392290249	1.84308390000001	d'or;	148
171.392290249	171.798639455	0.406349205999987	R	148
171.798639455	172.36462585	0.56598639500001	le	149
172.36462585	174.352834467	1.988208617	monde	150
174.352834467	176.152380952	1.79954648499998	s'endort	151
176.152380952	176.4861678	0.333786848000017	R	151
176.4861678	177.255328798	0.76916099799999	Dans	152
177.255328798	178.082539682	0.82721088400001	une	153
178.082539682	179.649886621	1.567346939	chaude	154
179.649886621	185.048526077	5.39863945599998	lumière.	155
185.048526077	191.375963718	6.32743764100002	R	155
191.375963718	194.089795918	2.71383219999998	Là,	156
194.089795918	194.467120181	0.37732426300002	R	156
194.467120181	195.07664399	0.609523808999995	tout	157
195.07664399	195.453968253	0.377324262999991	n'est	158
195.453968253	197.44217687	1.988208617	qu'ordre	159
197.44217687	198.153287981	0.711111111000008	et	160
198.153287981	203.914739229	5.76145124799999	beauté,	161
203.914739229	206.396371882	2.48163265300002	Luxe,	162
206.396371882	207.005895691	0.609523808999995	R	162
207.005895691	209.298866213	2.29297052199999	calme	163
209.298866213	210.459863945	1.160997732	et	164
210.459863945	217.150113378	6.69024943299999	volupté.	165
217.150113378			R	165
